1742365664007 1e-05 0
1742365965453 1e-05 1
1742366267879 1e-05 2
1742366572486 1e-05 3
1742366878283 1e-05 4
1742367189899 1e-05 5
1742367499989 1e-05 6
1742367811385 1e-05 7
1742368119974 1e-05 8
1742368429367 1e-05 9
1742368744288 1e-05 10
1742369062393 1e-05 11
1742369382917 1e-05 12
1742369709401 1e-05 13
1742370030385 1e-05 14
1742370352469 1e-05 15
1742370673833 1e-05 16
1742370995236 1e-05 17
1742371319486 1e-05 18
1742371643550 1e-05 19
1742371968103 1e-05 20
1742372291055 1e-05 21
1742372614976 1e-05 22
1742372939823 1e-05 23
1742373263218 1e-05 24
1742373585389 1e-05 25
1742373910063 1e-05 26
1742374237877 1e-05 27
1742374570923 1e-05 28
1742374904380 1e-05 29
1742375228206 1e-05 30
1742375554887 1e-05 31
1742375884497 1e-05 32
1742376221158 1e-05 33
1742376553247 1e-05 34
1742376888755 1e-05 35
1742377223225 1e-05 36
1742377554058 1e-05 37
1742377879412 1e-05 38
1742378206973 1e-05 39
1742378534412 1e-05 40
1742378864383 1e-05 41
1742379190821 1e-05 42
1742379524526 1e-05 43
1742379852487 1e-05 44
1742380182181 1e-05 45
1742380504880 1e-05 46
1742380838535 1e-05 47
1742381163487 1e-05 48
1742381491006 1e-05 49
1742381823125 1e-05 50
1742382146536 1e-05 51
1742382468758 1.0000000000000002e-06 52
1742382792091 1.0000000000000002e-06 53
