1742365664007 0.20906010270118713 0
1742365965453 0.284148633480072 1
1742366267879 0.3162282407283783 2
1742366572486 0.32877928018569946 3
1742366878283 0.3358458876609802 4
1742367189899 0.3483888506889343 5
1742367499989 0.35451728105545044 6
1742367811385 0.3647921681404114 7
1742368119974 0.37565624713897705 8
1742368429367 0.38151252269744873 9
1742368744288 0.3880680799484253 10
1742369062393 0.39655542373657227 11
1742369382917 0.4047193229198456 12
1742369709401 0.41196152567863464 13
1742370030385 0.4150936007499695 14
1742370352469 0.4188174307346344 15
1742370673833 0.423396497964859 16
1742370995236 0.43087124824523926 17
1742371319486 0.4344136118888855 18
1742371643550 0.43704909086227417 19
1742371968103 0.43649619817733765 20
1742372291055 0.4381309747695923 21
1742372614976 0.44101762771606445 22
1742372939823 0.4449458718299866 23
1742373263218 0.44460874795913696 24
1742373585389 0.4440017342567444 25
1742373910063 0.44695931673049927 26
1742374237877 0.44790422916412354 27
1742374570923 0.4495476186275482 28
1742374904380 0.4483199715614319 29
1742375228206 0.44916799664497375 30
1742375554887 0.4508662223815918 31
1742375884497 0.45304691791534424 32
1742376221158 0.4504334330558777 33
1742376553247 0.4530071020126343 34
1742376888755 0.45480987429618835 35
1742377223225 0.45802897214889526 36
1742377554058 0.45801135897636414 37
1742377879412 0.46301621198654175 38
1742378206973 0.4636596143245697 39
1742378534412 0.4671068787574768 40
1742378864383 0.46843084692955017 41
1742379190821 0.4684343934059143 42
1742379524526 0.46717536449432373 43
1742379852487 0.4689222574234009 44
1742380182181 0.4694635570049286 45
1742380504880 0.4702834486961365 46
1742380838535 0.4732358157634735 47
1742381163487 0.47104591131210327 48
1742381491006 0.47022247314453125 49
1742381823125 0.46915772557258606 50
1742382146536 0.4703921973705292 51
1742382468758 0.4701666235923767 52
1742382792091 0.4704057574272156 53
