1742365664007 0.012246588169144368 0
1742365965453 0.025931953577559952 1
1742366267879 0.04775599952864795 2
1742366572486 0.06619279440234305 3
1742366878283 0.08078107515126232 4
1742367189899 0.09720555833006306 5
1742367499989 0.10965413985687611 6
1742367811385 0.11906096885489625 7
1742368119974 0.1316153526959567 8
1742368429367 0.13980694031140173 9
1742368744288 0.1448748394339998 10
1742369062393 0.15268775421186787 11
1742369382917 0.1603963631777512 12
1742369709401 0.16599604067264573 13
1742370030385 0.16995307564505735 14
1742370352469 0.17274260007798814 15
1742370673833 0.1770924822152279 16
1742370995236 0.18090680884047905 17
1742371319486 0.18661823386437815 18
1742371643550 0.1873200455350642 19
1742371968103 0.1890626421669186 20
1742372291055 0.19052061990536928 21
1742372614976 0.19301346554463084 22
1742372939823 0.19668165319558828 23
1742373263218 0.19606225697426838 24
1742373585389 0.1957675833989353 25
1742373910063 0.197785204386288 26
1742374237877 0.1995803052565256 27
1742374570923 0.20139627036519625 28
1742374904380 0.19650486666165 29
1742375228206 0.1991692907096143 30
1742375554887 0.20276348294411028 31
1742375884497 0.20354435762257705 32
1742376221158 0.201965860283159 33
1742376553247 0.20445121940681987 34
1742376888755 0.20641995896218035 35
1742377223225 0.20877122353100452 36
1742377554058 0.20685868264821328 37
1742377879412 0.21354344302254702 38
1742378206973 0.21404640044474688 39
1742378534412 0.2135384494487419 40
1742378864383 0.20505549826796976 41
1742379190821 0.2181753222022591 42
1742379524526 0.21768055041182888 43
1742379852487 0.21919960392773907 44
1742380182181 0.20935118994364144 45
1742380504880 0.22045276152973603 46
1742380838535 0.21329039680678252 47
1742381163487 0.22114055472767524 48
1742381491006 0.22072417178430803 49
1742381823125 0.21986897018972362 50
1742382146536 0.22093351051983556 51
1742382468758 0.22078237506310594 52
1742382792091 0.22099709188844718 53
