1742365664007 0.022908061559999658 0
1742365965453 0.022232667656145365 1
1742366267879 0.021796912690363476 2
1742366572486 0.02136264584314461 3
1742366878283 0.021102130099713245 4
1742367189899 0.02075720752511069 5
1742367499989 0.020452706530585747 6
1742367811385 0.02013532119742203 7
1742368119974 0.019759613298158223 8
1742368429367 0.019771153403219777 9
1742368744288 0.019589954430115557 10
1742369062393 0.019512144426562798 11
1742369382917 0.019347177169973327 12
1742369709401 0.019141457787775828 13
1742370030385 0.01898660825426194 14
1742370352469 0.018997854379084064 15
1742370673833 0.01873370671261833 16
1742370995236 0.018731724470853806 17
1742371319486 0.0185410128427652 18
1742371643550 0.018854970238650234 19
1742371968103 0.01836539229604407 20
1742372291055 0.0186019689149319 21
1742372614976 0.018266317190898357 22
1742372939823 0.018774000501312386 23
1742373263218 0.018321121581525445 24
1742373585389 0.01845976782562298 25
1742373910063 0.01841320996564404 26
1742374237877 0.018559124264169797 27
1742374570923 0.018351351167728132 28
1742374904380 0.018152737411209076 29
1742375228206 0.01831185611870105 30
1742375554887 0.018310195966580203 31
1742375884497 0.018187566599416956 32
1742376221158 0.01793716937112056 33
1742376553247 0.018171584311977167 34
1742376888755 0.017924988294176967 35
1742377223225 0.018213510926743257 36
1742377554058 0.018034177888881103 37
1742377879412 0.017911004503127013 38
1742378206973 0.01814404391535671 39
1742378534412 0.018127576743957596 40
1742378864383 0.017731988110588254 41
1742379190821 0.017914582905577164 42
1742379524526 0.017975352800268435 43
1742379852487 0.017850440661379387 44
1742380182181 0.01764744386146559 45
1742380504880 0.017811384852801527 46
1742380838535 0.018157323909418606 47
1742381163487 0.01782256609403363 48
1742381491006 0.01776689358020776 49
1742381823125 0.017708794579397294 50
1742382146536 0.01771087052352796 51
1742382468758 0.01775265293126212 52
1742382792091 0.01775204178346234 53
